====================
入札者数: 50, 財の個数: 30
入札額: [48, 40, 40, 58, 54, 59, 33, 85, 15, 84, 12, 45, 57, 82, 17, 40, 20, 35, 96, 46, 25, 80, 66, 50, 33, 17, 76, 64, 31, 85, 14, 59, 89, 37, 45, 34, 20, 55, 85, 41, 82, 76, 39, 87, 66, 12, 56, 73, 49, 92]
payment: [0, 0, 0, 0, 0, 0, 0, 0, 0, 0, 0, 0, 0, 0, 0, 0, 0, 0, 2760, 0, 0, 0, 0, 0, 0, 0, 0, 0, 0, 0, 0, 0, 0, 0, 0, 0, 0, 0, 0, 0, 0, 0, 0, 0, 0, 0, 0, 0, 0, 0]
Allocation: [0, 0, 0, 0, 0, 0, 0, 0, 0, 0, 0, 0, 0, 0, 0, 0, 0, 0, 30, 0, 0, 0, 0, 0, 0, 0, 0, 0, 0, 0, 0, 0, 0, 0, 0, 0, 0, 0, 0, 0, 0, 0, 0, 0, 0, 0, 0, 0, 0, 0]
====================
入札者数: 50, 財の個数: 30
入札額: [18, 57, 41, 89, 27, 86, 67, 18, 39, 95, 76, 45, 14, 55, 12, 31, 80, 52, 56, 90, 78, 81, 37, 80, 26, 35, 90, 68, 61, 31, 10, 100, 97, 56, 39, 43, 76, 74, 18, 74, 37, 80, 40, 22, 74, 89, 64, 75, 99, 66]
payment: [0, 0, 0, 0, 0, 0, 0, 0, 0, 0, 0, 0, 0, 0, 0, 0, 0, 0, 0, 0, 0, 0, 0, 0, 0, 0, 0, 0, 0, 0, 0, 2970, 0, 0, 0, 0, 0, 0, 0, 0, 0, 0, 0, 0, 0, 0, 0, 0, 0, 0]
Allocation: [0, 0, 0, 0, 0, 0, 0, 0, 0, 0, 0, 0, 0, 0, 0, 0, 0, 0, 0, 0, 0, 0, 0, 0, 0, 0, 0, 0, 0, 0, 0, 30, 0, 0, 0, 0, 0, 0, 0, 0, 0, 0, 0, 0, 0, 0, 0, 0, 0, 0]
====================
入札者数: 50, 財の個数: 30
入札額: [61, 33, 60, 51, 34, 67, 28, 66, 44, 58, 63, 88, 46, 26, 54, 37, 47, 55, 79, 58, 23, 68, 47, 91, 58, 95, 12, 32, 83, 25, 50, 87, 67, 55, 14, 59, 45, 23, 42, 18, 15, 11, 19, 81, 38, 98, 72, 21, 75, 60]
payment: [0, 0, 0, 0, 0, 0, 0, 0, 0, 0, 0, 0, 0, 0, 0, 0, 0, 0, 0, 0, 0, 0, 0, 0, 0, 0, 0, 0, 0, 0, 0, 0, 0, 0, 0, 0, 0, 0, 0, 0, 0, 0, 0, 0, 0, 2850, 0, 0, 0, 0]
Allocation: [0, 0, 0, 0, 0, 0, 0, 0, 0, 0, 0, 0, 0, 0, 0, 0, 0, 0, 0, 0, 0, 0, 0, 0, 0, 0, 0, 0, 0, 0, 0, 0, 0, 0, 0, 0, 0, 0, 0, 0, 0, 0, 0, 0, 0, 30, 0, 0, 0, 0]
====================
入札者数: 50, 財の個数: 30
入札額: [65, 98, 51, 97, 99, 96, 34, 50, 70, 53, 39, 37, 74, 23, 17, 68, 40, 66, 49, 26, 94, 87, 100, 33, 91, 97, 14, 21, 58, 49, 39, 43, 30, 81, 62, 18, 87, 53, 85, 13, 15, 68, 39, 14, 37, 31, 27, 24, 18, 51]
payment: [0, 0, 0, 0, 0, 0, 0, 0, 0, 0, 0, 0, 0, 0, 0, 0, 0, 0, 0, 0, 0, 0, 2970, 0, 0, 0, 0, 0, 0, 0, 0, 0, 0, 0, 0, 0, 0, 0, 0, 0, 0, 0, 0, 0, 0, 0, 0, 0, 0, 0]
Allocation: [0, 0, 0, 0, 0, 0, 0, 0, 0, 0, 0, 0, 0, 0, 0, 0, 0, 0, 0, 0, 0, 0, 30, 0, 0, 0, 0, 0, 0, 0, 0, 0, 0, 0, 0, 0, 0, 0, 0, 0, 0, 0, 0, 0, 0, 0, 0, 0, 0, 0]
====================
入札者数: 50, 財の個数: 30
入札額: [90, 17, 42, 48, 40, 47, 37, 79, 49, 33, 57, 41, 54, 50, 50, 48, 20, 73, 87, 99, 19, 50, 55, 70, 15, 67, 61, 18, 50, 74, 84, 37, 22, 57, 56, 87, 20, 37, 60, 48, 88, 64, 85, 14, 77, 28, 80, 66, 88, 97]
payment: [0, 0, 0, 0, 0, 0, 0, 0, 0, 0, 0, 0, 0, 0, 0, 0, 0, 0, 0, 2910, 0, 0, 0, 0, 0, 0, 0, 0, 0, 0, 0, 0, 0, 0, 0, 0, 0, 0, 0, 0, 0, 0, 0, 0, 0, 0, 0, 0, 0, 0]
Allocation: [0, 0, 0, 0, 0, 0, 0, 0, 0, 0, 0, 0, 0, 0, 0, 0, 0, 0, 0, 30, 0, 0, 0, 0, 0, 0, 0, 0, 0, 0, 0, 0, 0, 0, 0, 0, 0, 0, 0, 0, 0, 0, 0, 0, 0, 0, 0, 0, 0, 0]
====================
入札者数: 50, 財の個数: 30
入札額: [100, 19, 70, 60, 26, 61, 86, 51, 39, 37, 30, 85, 49, 46, 98, 46, 92, 91, 24, 46, 28, 64, 38, 18, 59, 38, 50, 62, 98, 76, 14, 65, 76, 15, 79, 82, 50, 18, 79, 93, 22, 66, 85, 68, 24, 57, 93, 83, 99, 91]
payment: [2970, 0, 0, 0, 0, 0, 0, 0, 0, 0, 0, 0, 0, 0, 0, 0, 0, 0, 0, 0, 0, 0, 0, 0, 0, 0, 0, 0, 0, 0, 0, 0, 0, 0, 0, 0, 0, 0, 0, 0, 0, 0, 0, 0, 0, 0, 0, 0, 0, 0]
Allocation: [30, 0, 0, 0, 0, 0, 0, 0, 0, 0, 0, 0, 0, 0, 0, 0, 0, 0, 0, 0, 0, 0, 0, 0, 0, 0, 0, 0, 0, 0, 0, 0, 0, 0, 0, 0, 0, 0, 0, 0, 0, 0, 0, 0, 0, 0, 0, 0, 0, 0]
====================
入札者数: 50, 財の個数: 30
入札額: [99, 27, 14, 64, 80, 71, 15, 90, 73, 99, 75, 58, 84, 34, 45, 97, 92, 40, 14, 16, 66, 73, 11, 85, 90, 67, 31, 22, 46, 13, 90, 15, 31, 27, 81, 72, 82, 58, 99, 52, 41, 85, 53, 94, 24, 50, 100, 78, 58, 36]
payment: [0, 0, 0, 0, 0, 0, 0, 0, 0, 0, 0, 0, 0, 0, 0, 0, 0, 0, 0, 0, 0, 0, 0, 0, 0, 0, 0, 0, 0, 0, 0, 0, 0, 0, 0, 0, 0, 0, 0, 0, 0, 0, 0, 0, 0, 0, 2970, 0, 0, 0]
Allocation: [0, 0, 0, 0, 0, 0, 0, 0, 0, 0, 0, 0, 0, 0, 0, 0, 0, 0, 0, 0, 0, 0, 0, 0, 0, 0, 0, 0, 0, 0, 0, 0, 0, 0, 0, 0, 0, 0, 0, 0, 0, 0, 0, 0, 0, 0, 30, 0, 0, 0]
====================
入札者数: 50, 財の個数: 30
入札額: [67, 71, 43, 44, 82, 87, 33, 85, 68, 48, 53, 37, 77, 74, 67, 19, 56, 79, 78, 81, 95, 24, 70, 90, 14, 27, 72, 17, 68, 22, 29, 35, 79, 89, 62, 82, 39, 75, 35, 42, 76, 25, 33, 69, 88, 24, 14, 13, 32, 96]
payment: [0, 0, 0, 0, 0, 0, 0, 0, 0, 0, 0, 0, 0, 0, 0, 0, 0, 0, 0, 0, 0, 0, 0, 0, 0, 0, 0, 0, 0, 0, 0, 0, 0, 0, 0, 0, 0, 0, 0, 0, 0, 0, 0, 0, 0, 0, 0, 0, 0, 2850]
Allocation: [0, 0, 0, 0, 0, 0, 0, 0, 0, 0, 0, 0, 0, 0, 0, 0, 0, 0, 0, 0, 0, 0, 0, 0, 0, 0, 0, 0, 0, 0, 0, 0, 0, 0, 0, 0, 0, 0, 0, 0, 0, 0, 0, 0, 0, 0, 0, 0, 0, 30]
====================
入札者数: 50, 財の個数: 30
入札額: [47, 67, 59, 97, 100, 99, 78, 90, 82, 67, 28, 59, 74, 36, 87, 56, 13, 22, 85, 26, 30, 33, 38, 54, 22, 90, 83, 64, 40, 38, 13, 86, 63, 31, 23, 48, 28, 17, 79, 79, 52, 32, 32, 61, 100, 60, 25, 18, 13, 95]
payment: [0, 0, 0, 0, 3000, 0, 0, 0, 0, 0, 0, 0, 0, 0, 0, 0, 0, 0, 0, 0, 0, 0, 0, 0, 0, 0, 0, 0, 0, 0, 0, 0, 0, 0, 0, 0, 0, 0, 0, 0, 0, 0, 0, 0, 0, 0, 0, 0, 0, 0]
Allocation: [0, 0, 0, 0, 30, 0, 0, 0, 0, 0, 0, 0, 0, 0, 0, 0, 0, 0, 0, 0, 0, 0, 0, 0, 0, 0, 0, 0, 0, 0, 0, 0, 0, 0, 0, 0, 0, 0, 0, 0, 0, 0, 0, 0, 0, 0, 0, 0, 0, 0]
====================
入札者数: 50, 財の個数: 30
入札額: [85, 36, 36, 16, 93, 60, 73, 84, 68, 60, 78, 66, 71, 39, 78, 44, 49, 38, 59, 53, 45, 88, 62, 43, 99, 62, 69, 90, 28, 81, 100, 10, 59, 48, 34, 11, 32, 95, 34, 77, 11, 85, 95, 45, 64, 38, 75, 32, 66, 32]
payment: [0, 0, 0, 0, 0, 0, 0, 0, 0, 0, 0, 0, 0, 0, 0, 0, 0, 0, 0, 0, 0, 0, 0, 0, 0, 0, 0, 0, 0, 0, 2970, 0, 0, 0, 0, 0, 0, 0, 0, 0, 0, 0, 0, 0, 0, 0, 0, 0, 0, 0]
Allocation: [0, 0, 0, 0, 0, 0, 0, 0, 0, 0, 0, 0, 0, 0, 0, 0, 0, 0, 0, 0, 0, 0, 0, 0, 0, 0, 0, 0, 0, 0, 30, 0, 0, 0, 0, 0, 0, 0, 0, 0, 0, 0, 0, 0, 0, 0, 0, 0, 0, 0]
平均実行時間: 0.099103 秒
