====================
入札者数: 50, 財の個数: 30
入札額: [76, 66, 40, 95, 83, 61, 45, 33, 42, 62, 91, 15, 14, 97, 76, 64, 86, 29, 43, 82, 24, 70, 92, 72, 91, 84, 10, 35, 47, 19, 60, 14, 86, 15, 10, 71, 85, 95, 14, 85, 24, 54, 59, 14, 92, 33, 66, 81, 67, 69]
payment: [0, 0, 0, 0, 0, 0, 0, 0, 0, 0, 0, 0, 0, 2850, 0, 0, 0, 0, 0, 0, 0, 0, 0, 0, 0, 0, 0, 0, 0, 0, 0, 0, 0, 0, 0, 0, 0, 0, 0, 0, 0, 0, 0, 0, 0, 0, 0, 0, 0, 0]
Allocation: [0, 0, 0, 0, 0, 0, 0, 0, 0, 0, 0, 0, 0, 30, 0, 0, 0, 0, 0, 0, 0, 0, 0, 0, 0, 0, 0, 0, 0, 0, 0, 0, 0, 0, 0, 0, 0, 0, 0, 0, 0, 0, 0, 0, 0, 0, 0, 0, 0, 0]
====================
入札者数: 50, 財の個数: 30
入札額: [82, 20, 56, 34, 46, 53, 73, 56, 75, 82, 41, 21, 33, 88, 85, 91, 73, 59, 73, 20, 72, 20, 69, 83, 18, 43, 25, 12, 57, 73, 83, 46, 17, 32, 13, 64, 59, 24, 95, 44, 31, 68, 80, 85, 19, 97, 79, 27, 86, 59]
payment: [0, 0, 0, 0, 0, 0, 0, 0, 0, 0, 0, 0, 0, 0, 0, 0, 0, 0, 0, 0, 0, 0, 0, 0, 0, 0, 0, 0, 0, 0, 0, 0, 0, 0, 0, 0, 0, 0, 0, 0, 0, 0, 0, 0, 0, 2850, 0, 0, 0, 0]
Allocation: [0, 0, 0, 0, 0, 0, 0, 0, 0, 0, 0, 0, 0, 0, 0, 0, 0, 0, 0, 0, 0, 0, 0, 0, 0, 0, 0, 0, 0, 0, 0, 0, 0, 0, 0, 0, 0, 0, 0, 0, 0, 0, 0, 0, 0, 30, 0, 0, 0, 0]
====================
入札者数: 50, 財の個数: 30
入札額: [97, 93, 25, 65, 65, 73, 23, 72, 25, 76, 34, 44, 85, 77, 73, 90, 19, 55, 70, 32, 52, 78, 17, 28, 14, 37, 94, 94, 71, 60, 17, 51, 13, 44, 94, 20, 32, 59, 43, 92, 95, 12, 27, 33, 21, 100, 81, 98, 54, 34]
payment: [0, 0, 0, 0, 0, 0, 0, 0, 0, 0, 0, 0, 0, 0, 0, 0, 0, 0, 0, 0, 0, 0, 0, 0, 0, 0, 0, 0, 0, 0, 0, 0, 0, 0, 0, 0, 0, 0, 0, 0, 0, 0, 0, 0, 0, 2940, 0, 0, 0, 0]
Allocation: [0, 0, 0, 0, 0, 0, 0, 0, 0, 0, 0, 0, 0, 0, 0, 0, 0, 0, 0, 0, 0, 0, 0, 0, 0, 0, 0, 0, 0, 0, 0, 0, 0, 0, 0, 0, 0, 0, 0, 0, 0, 0, 0, 0, 0, 30, 0, 0, 0, 0]
====================
入札者数: 50, 財の個数: 30
入札額: [77, 51, 63, 19, 48, 43, 91, 73, 98, 50, 65, 46, 21, 19, 83, 55, 15, 38, 18, 32, 72, 66, 97, 10, 41, 97, 36, 96, 63, 90, 56, 93, 29, 40, 56, 82, 15, 51, 15, 36, 96, 87, 16, 31, 71, 11, 78, 38, 30, 98]
payment: [0, 0, 0, 0, 0, 0, 0, 0, 2940, 0, 0, 0, 0, 0, 0, 0, 0, 0, 0, 0, 0, 0, 0, 0, 0, 0, 0, 0, 0, 0, 0, 0, 0, 0, 0, 0, 0, 0, 0, 0, 0, 0, 0, 0, 0, 0, 0, 0, 0, 0]
Allocation: [0, 0, 0, 0, 0, 0, 0, 0, 30, 0, 0, 0, 0, 0, 0, 0, 0, 0, 0, 0, 0, 0, 0, 0, 0, 0, 0, 0, 0, 0, 0, 0, 0, 0, 0, 0, 0, 0, 0, 0, 0, 0, 0, 0, 0, 0, 0, 0, 0, 0]
====================
入札者数: 50, 財の個数: 30
入札額: [25, 64, 71, 34, 59, 88, 33, 27, 17, 21, 73, 55, 83, 79, 20, 89, 77, 34, 53, 93, 35, 83, 59, 89, 15, 61, 18, 68, 10, 84, 26, 31, 10, 56, 53, 33, 13, 92, 31, 24, 19, 11, 57, 95, 48, 85, 17, 14, 48, 11]
payment: [0, 0, 0, 0, 0, 0, 0, 0, 0, 0, 0, 0, 0, 0, 0, 0, 0, 0, 0, 0, 0, 0, 0, 0, 0, 0, 0, 0, 0, 0, 0, 0, 0, 0, 0, 0, 0, 0, 0, 0, 0, 0, 0, 2790, 0, 0, 0, 0, 0, 0]
Allocation: [0, 0, 0, 0, 0, 0, 0, 0, 0, 0, 0, 0, 0, 0, 0, 0, 0, 0, 0, 0, 0, 0, 0, 0, 0, 0, 0, 0, 0, 0, 0, 0, 0, 0, 0, 0, 0, 0, 0, 0, 0, 0, 0, 30, 0, 0, 0, 0, 0, 0]
====================
入札者数: 50, 財の個数: 30
入札額: [89, 90, 12, 79, 15, 10, 25, 84, 51, 43, 33, 30, 51, 100, 22, 39, 81, 59, 45, 78, 13, 17, 80, 73, 80, 80, 55, 18, 44, 47, 88, 19, 92, 49, 26, 33, 59, 13, 26, 18, 19, 18, 76, 43, 55, 45, 27, 84, 70, 86]
payment: [0, 0, 0, 0, 0, 0, 0, 0, 0, 0, 0, 0, 0, 2760, 0, 0, 0, 0, 0, 0, 0, 0, 0, 0, 0, 0, 0, 0, 0, 0, 0, 0, 0, 0, 0, 0, 0, 0, 0, 0, 0, 0, 0, 0, 0, 0, 0, 0, 0, 0]
Allocation: [0, 0, 0, 0, 0, 0, 0, 0, 0, 0, 0, 0, 0, 30, 0, 0, 0, 0, 0, 0, 0, 0, 0, 0, 0, 0, 0, 0, 0, 0, 0, 0, 0, 0, 0, 0, 0, 0, 0, 0, 0, 0, 0, 0, 0, 0, 0, 0, 0, 0]
====================
入札者数: 50, 財の個数: 30
入札額: [50, 12, 52, 34, 60, 51, 20, 13, 68, 55, 75, 90, 70, 50, 41, 20, 85, 15, 19, 78, 56, 93, 94, 28, 74, 91, 19, 99, 84, 10, 85, 48, 65, 16, 99, 37, 36, 53, 54, 41, 51, 42, 75, 95, 25, 96, 55, 38, 26, 26]
payment: [0, 0, 0, 0, 0, 0, 0, 0, 0, 0, 0, 0, 0, 0, 0, 0, 0, 0, 0, 0, 0, 0, 0, 0, 0, 0, 0, 2970, 0, 0, 0, 0, 0, 0, 0, 0, 0, 0, 0, 0, 0, 0, 0, 0, 0, 0, 0, 0, 0, 0]
Allocation: [0, 0, 0, 0, 0, 0, 0, 0, 0, 0, 0, 0, 0, 0, 0, 0, 0, 0, 0, 0, 0, 0, 0, 0, 0, 0, 0, 30, 0, 0, 0, 0, 0, 0, 0, 0, 0, 0, 0, 0, 0, 0, 0, 0, 0, 0, 0, 0, 0, 0]
====================
入札者数: 50, 財の個数: 30
入札額: [30, 19, 54, 89, 95, 72, 31, 53, 83, 62, 13, 44, 61, 65, 12, 68, 92, 41, 61, 18, 84, 84, 47, 10, 25, 13, 74, 15, 15, 92, 39, 74, 16, 98, 69, 20, 93, 26, 75, 67, 79, 14, 73, 67, 32, 41, 18, 85, 99, 89]
payment: [0, 0, 0, 0, 0, 0, 0, 0, 0, 0, 0, 0, 0, 0, 0, 0, 0, 0, 0, 0, 0, 0, 0, 0, 0, 0, 0, 0, 0, 0, 0, 0, 0, 0, 0, 0, 0, 0, 0, 0, 0, 0, 0, 0, 0, 0, 0, 0, 2940, 0]
Allocation: [0, 0, 0, 0, 0, 0, 0, 0, 0, 0, 0, 0, 0, 0, 0, 0, 0, 0, 0, 0, 0, 0, 0, 0, 0, 0, 0, 0, 0, 0, 0, 0, 0, 0, 0, 0, 0, 0, 0, 0, 0, 0, 0, 0, 0, 0, 0, 0, 30, 0]
====================
入札者数: 50, 財の個数: 30
入札額: [63, 64, 49, 39, 90, 35, 96, 22, 19, 93, 28, 58, 36, 66, 24, 15, 47, 42, 58, 85, 86, 81, 78, 25, 50, 55, 33, 54, 34, 18, 19, 58, 59, 34, 32, 73, 82, 53, 30, 49, 61, 93, 79, 88, 11, 67, 21, 61, 12, 86]
payment: [0, 0, 0, 0, 0, 0, 2790, 0, 0, 0, 0, 0, 0, 0, 0, 0, 0, 0, 0, 0, 0, 0, 0, 0, 0, 0, 0, 0, 0, 0, 0, 0, 0, 0, 0, 0, 0, 0, 0, 0, 0, 0, 0, 0, 0, 0, 0, 0, 0, 0]
Allocation: [0, 0, 0, 0, 0, 0, 30, 0, 0, 0, 0, 0, 0, 0, 0, 0, 0, 0, 0, 0, 0, 0, 0, 0, 0, 0, 0, 0, 0, 0, 0, 0, 0, 0, 0, 0, 0, 0, 0, 0, 0, 0, 0, 0, 0, 0, 0, 0, 0, 0]
====================
入札者数: 50, 財の個数: 30
入札額: [91, 58, 44, 89, 88, 60, 77, 69, 60, 54, 89, 16, 23, 31, 41, 89, 30, 29, 34, 28, 72, 51, 47, 69, 28, 56, 48, 61, 70, 11, 82, 15, 35, 87, 66, 82, 82, 41, 20, 41, 48, 70, 72, 17, 58, 54, 57, 33, 35, 50]
payment: [2670, 0, 0, 0, 0, 0, 0, 0, 0, 0, 0, 0, 0, 0, 0, 0, 0, 0, 0, 0, 0, 0, 0, 0, 0, 0, 0, 0, 0, 0, 0, 0, 0, 0, 0, 0, 0, 0, 0, 0, 0, 0, 0, 0, 0, 0, 0, 0, 0, 0]
Allocation: [30, 0, 0, 0, 0, 0, 0, 0, 0, 0, 0, 0, 0, 0, 0, 0, 0, 0, 0, 0, 0, 0, 0, 0, 0, 0, 0, 0, 0, 0, 0, 0, 0, 0, 0, 0, 0, 0, 0, 0, 0, 0, 0, 0, 0, 0, 0, 0, 0, 0]
平均実行時間: 0.100080 秒
