Input values:
[7, 8, 5, 6]
[6, 5, 9, 10]
[4, 1, 10, 7]
[3, 4, 6, 5]
==============================
Calculating payments...
==============================
Input values:
[7, 8, 5, 6]
[6, 5, 9, 10]
[4, 1, 10, 7]
[3, 4, 6, 5]
==============================
x_star:

[1, 0, 0, 0]
[0, 0, 0, 1]
[0, 0, 1, 0]
[0, 1, 0, 0]
==============================
x_minus:

Excluding bidder 0:

[0, 0, 0, 0]
[0, 0, 0, 1]
[0, 0, 1, 0]
[0, 1, 0, 0]
--------------------
Excluding bidder 1:

[0, 1, 0, 0]
[0, 0, 0, 0]
[0, 0, 1, 0]
[0, 0, 0, 1]
--------------------
Excluding bidder 2:

[0, 1, 0, 0]
[0, 0, 0, 1]
[0, 0, 0, 0]
[0, 0, 1, 0]
--------------------
Excluding bidder 3:

[0, 1, 0, 0]
[0, 0, 0, 1]
[0, 0, 1, 0]
[0, 0, 0, 0]
--------------------
Payments: [0, 2, 3, 1]
